1006 刘得意 60 98 75
1015 王锐 63 90 96
1017 何煜中 90 73 82
1023 王磊 87 86 92
1024 冯松 89 98 83
1027 裴培 75 82 91
1037 马骁 62 67 90
1067 马婧 98 84 87
1073 周俊升 57 68 96
1076 贺祺 61 96 72
1080 李桐 93 83 86
1094 高路 63 74 98
1095 冯佳媛 61 79 81
1100 张迪 99 88 80
1106 张里响 85 65 96
1107 王瑞麒 89 83 91
1112 徐金竹 75 89 73
1112 赵媛媛 77 75 66
1116 宋宗杰 94 100 92
1117 张佳玮 61 98 96
1134 王姝 70 91 90
1154 宋媛媛 61 94 92
1157 于莉 55 66 78
1164 于浩 78 84 72
1171 王竞 90 87 67
1202 崔赞 91 67 93
1219 宋静 69 85 73
1233 王磊 71 78 77
1243 方圆 70 79 76
1269 李朋 90 82 97
1300 马佳 60 90 100
1341 张龙 62 100 78
1344 马里 73 95 73
1364 韩明 83 97 88
1367 马立 73 90 83
1395 吴清正 89 97 85
1399 印虹 92 68 75
1400 田苗苗 75 91 71
1403 卫青 66 73 77
1404 冷云 89 88 71
1405 葛志伟 100 79 71
1410 范振光 98 87 89
1418 王芳 71 97 99
1427 杨超 67 73 82
1438 杨梦婕 89 99 67
1442 梁雅宁 55 88 100
1459 王琦 98 95 98
1471 吴玮 69 76 68
1474 杨阔 90 91 98
1498 贾伟林 63 90 86
1484 刘亚新 77 81 95
1486 金昕 92 67 69
1514 董一伟 93 88 80
1516 汤娜 68 85 71
1526 周恒 87 82 69
1532 张笑 86 88 76
1536 文静 93 88 85
1538 杨华鑫 81 81 68
1555 苏明霞 59 79 94
1566 黄京 62 75 96
1570 佟欣 60 79 98
1571 张雯 69 70 93
1579 刘京西 67 78 78
1585 徐嘉琦 90 75 87
1596 魏佳 100 94 80
1605 高举 81 99 91
1622 边里 56 94 87
1625 何佳成 70 75 78
1646 赵旭洋 87 91 94
1666 孙大伟 65 69 98
1674 鲁继森 84 79 75
1701 白涛 57 82 75
1708 蔺剑飞 88 75 79
1726 兰天 83 66 74
1729 王悦 79 82 70
1739 陈世勃 70 92 65
1746 张昊 94 83 96
1750 高清 76 83 84
1764 王欣欣 71 83 78
1767 王欢欢 57 33 66
1770 叶丹 87 80 96
1783 李悦 63 79 97
1808 郭倩 69 94 69
1822 刘盈 99 72 93
1829 杨洁 96 79 87
1834 徐一菡 85 45 62
1837 王蒙 67 97 89
1844 张敏 85 75 89
1851 桂佳 60 73 65
1873 林倩 67 77 80
1876 任盛达 57 86 88
1877 吴佳林 96 65 82
1885 黄金龙 85 90 78
1921 陈美珠 82 72 83
1940 冼丹 100 89 89
1954 唐楠 68 97 77
1956 张扬 77 65 93
1957 宋航彬 80 71 91
1970 薛淇文 89 71 75
1993 刘紫亮 72 98 84